2647
4267
4282
9321
19539
19754
22109
22110
22111
22112
22403
27742
30448
31306
31978
34013
34015
34016
34017
34018
34019
34020
34027
34028
34030
34033
34034
34043
34047
34058
34070
34072
34073
34074
34076
34082
34084
34093
34094
34098
34103
34104
34106
34107
34111
34112
34122
34134
34135
34136
34138
34139
34140
34141
34142
34143
34144
34145
34146
34148
34153
34155
34156
34159
34165
34172
34174
34177
34179
34196
34208
34210
34214
34219
34225
34226
34230
34232
34233
34241
34248
34252
34261
34266
34267
34268
34286
34289
34304
34305
34306
34311
34315
34323
34334
34335
34336
34337
34338
34339
34340
34341
34342
34343
34344
34345
34346
34347
34348
34349
34351
34352
34355
34366
34370
34374
34376
34377
34378
34381
34382
34383
34387
34389
34391
34405
34406
34407
34417
34418
34420
34423
34424
34431
34432
34446
34447
34448
34449
34453
34458
34459
34462
34463
34472
34473
34485
34486
34488
34497
34502
34503
34504
34505
34507
34508
34509
34510
34511
34512
34513
34514
34515
34516
34520
34521
34522
34523
34524
34528
34530
34531
34532
34533
34534
34535
34538
34539
34540
34541
34545
34546
34561
34562
34563
34564
34565
34566
34567
34568
34569
34570
34571
34572
34574
34575
34576
34577
34579
34580
34581
34585
34589
34593
34594
34595
34596
34597
34598
34599
34600
34603
34606
34608
34610
34611
34616
34617
34618
34621
34632
34633
34634
34645
34655
34656
34657
34658
34670
34671
34672
34680
34681
34685
34686
34687
34689
34690
34691
34696
34697
34698
34702
34703
34704
34710
34712
34713
34714
34715
34716
34718
34719
34722
34723
34745
34749
34757
34760
34763
34767
34768
34769
34783
34791
34792
34793
34794
34795
34796
34797
34798
34799
34801
34802
34803
34804
34805
34806
34807
34808
34809
34810
34811
34817
34821
34824
34825
34837
34858
34859
34860
34861
34862
34863
34864
34865
34873
34875
34877
34878
34879
34882
34883
34884
34885
34886
34887
34888
34891
34892
34893
34894
34895
34898
34903
34905
34909
34910
34912
34913
34914
34915
34917
34919
34921
34926
34933
34936
34937
34938
34939
34940
34941
34944
34955
34958
34960
34961
34962
34963
34969
34970
34971
34972
34978
34982
34983
34984
34985
34995
34996
34998
35000
35001
35002
35003
35004
35005
35006
35008
35009
35010
35011
35013
35018
35019
35020
35021
35022
35026
35027
35028
35029
35030
35031
35034
35035
35038
35041
35045
35055
35056
35060
35063
35069
35070
35071
35072
35073
35084
35089
35090
35091
35096
35097
35098
35099
35100
35101
35102
35103
35104
35105
35112
35113
35114
35115
35119
35120
35122
35123
35126
35127
35135
35137
35138
35139
35141
35142
35143
35148
35152
35153
35158
35160
35165
35166
35167
35168
35169
35174
35176
35178
35179
35181
35183
35184
35185
35186
35187
35188
35190
35195
35200
35205
35206
35207
35208
35209
35210
35211
35212
35215
35218
35219
35222
35223
35224
35226
35227
35228
35237
35238
35239
35240
35241
35242
35243
35244
35245
35246
35247
35248
35249
35250
35251
35252
35253
35254
35255
35256
35257
35258
35259
35261
35262
35263
35264
35267
35268
35269
35270
35271
35272
35273
35275
35276
35279
35282
35283
35284
35285
35286
35297
35301
35302
35303
35304
35305
35306
35313
35314
35324
35325
35326
35327
35328
35329
35330
35331
35334
35338
35339
35340
35341
35342
35343
35344
35345
35346
35347
35348
35349
35350
35354
35359
35361
35369
35372
35382
35383
35394
35396
35397
35399
35404
35406
35407
35408
35409
35410
35411
35414
35425
35427
35428
35430
35434
35435
35436
35437
35446
35449
35452
35453
35454
35455
35456
35457
35458
35463
35464
35465
35466
35467
35468
35469
35470
35471
35472
35473
35474
35475
35476
35481
35482
35483
35484
35485
35486
35487
35488
35492
35509
35510
35511
35512
35513
35514
35515
35516
35518
35519
35520
35521
35522
35529
35532
35538
35542
35544
35545
35546
35548
35553
35556
35559
35560
35569
35571
35573
35574
35575
35581
35582
35583
35589
35592
35594
35595
35597
35598
35602
35603
35606
35608
35614
35616
35623
35638
35639
35640
35642
35643
35644
35645
35646
35654
35655
35656
35657
35658
35659
35664
35665
35667
35668
35669
35670
35671
35672
35675
35676
35677
35678
35679
35680
35681
35682
35684
35685
35686
35687
35688
35689
35690
35693
35694
35696
35697
35698
35700
35706
35709
35716
35717
35718
35720
35721
35725
35726
35727
35728
35729
35730
35731
35732
35733
35734
35735
35736
35737
35738
35740
35742
35743
35744
35745
35748
35749
35750
35752
35753
35756
35764
35767
35771
35772
35773
35774
35776
35777
35779
35780
35781
35782
35783
35784
35786
35787
35788
35789
35790
35791
35792
35793
35794
35795
35796
35797
35798
35805
35806
35807
35808
35809
35811
35812
35813
35814
35815
35818
35819
35823
35824
35825
35830
35831
35836
35837
35838
35839
35843
35846
35847
35849
35850
35852
35853
35854
35855
35857
35858
35862
35863
35864
35865
35869
35871
35872
35873
35877
35888
35889
35892
35893
35894
35895
35896
35897
35900
35902
35906
35908
35909
35910
35911
35915
35916
35917
35919
35921
35922
35923
35925
35926
35927
35929
35934
35943
35944
35945
35947
35949
35961
35964
35967
35973
35974
35975
35978
35980
35986
35987
35988
35989
35990
35991
35992
35993
35994
35995
35996
35997
35998
35999
36004
36007
36008
36009
36010
36022
36028
36032
36034
36044
36045
36048
36052
36055
36056
36063
36066
36069
36070
36078
36080
36086
36087
36088
36089
36090
36091
36092
36093
36094
36095
36096
36097
36098
36100
36101
36102
36103
36104
36105
36107
36108
36111
36112
36113
36114
36115
36116
36117
36118
36131
36133
36134
36135
36136
36139
36140
36141
36144
36148
36149
36150
36151
36153
36156
36160
36161
36163
36164
36165
36167
36168
36172
36174
36175
36176
36177
36179
36180
36181
36182
36184
36186
36189
36194
36195
36196
36197
36198
36199
36200
36202
36203
36206
36209
36217
36222
36223
36227
36228
36229
36230
36231
36232
36233
36235
36236
36237
36238
36239
36241
36242
36243
36244
36245
36246
36247
36248
36249
36251
36252
36253
36255
36256
36257
36258
36259
36260
36261
36262
36263
36265
36266
36268
36270
36271
36272
36273
36274
36275
36276
36277
36279
36280
36282
36284
36285
36289
36290
36291
36292
36293
36294
36295
36296
36297
36301
36305
36333
36334
36335
36336
36340
36341
36347
36348
36349
36350
36355
36356
36357
36358
36359
36360
36362
36363
36364
36366
36368
36369
36370
36373
36374
36375
36376
36380
36382
36391
36392
36393
36394
36395
36396
36422
36426
36427
36428
36429
36430
36431
36432
36434
36437
36440
36441
36445
36447
36451
36452
36453
36454
36457
36459
36460
36462
36464
36465
36466
36467
36468
36469
36470
36471
36473
36474
36475
36476
36477
36478
36479
36480
36481
36482
36483
36484
36485
36486
36487
36490
36491
36492
36493
36499
36500
36501
36502
36503
36504
36505
36506
36522
36523
36524
36529
36531
36532
36540
36541
36542
36543
36545
36546
36547
36548
36549
36550
36551
36552
36553
36554
36556
36557
36558
36559
36560
36561
36562
36569
36570
36571
36572
36574
36575
36577
36578
36579
36580
36581
36582
36584
36586
36587
36588
36589
36590
36591
36592
36595
36599
36600
36601
36602
36603
36604
36605
36606
36607
36608
36609
36610
36612
36613
36619
36621
36622
36623
36624
36626
36645
36650
36651
36652
36653
36654
36655
36657
36658
36659
36660
36661
36662
36663
36665
36667
36668
36670
36671
36674
36678
36679
36680
36681
36682
36683
36684
36689
36701
36709
36711
36713
36714
36718
36719
36720
36721
36722
36723
36725
36726
36727
36730
36731
36732
36733
36734
36737
36738
36739
36740
36741
36742
36745
36746
36747
36748
36751
36752
36753
36754
36755
36756
36757
36758
36759
36760
36761
36762
36763
36764
36766
36767
36768
36770
36771
36781
36782
36797
36798
36800
36801
36811
36812
36814
36823
36828
36831
36835
36838
36844
36845
36846
36847
36848
36849
36850
36851
36852
36853
36854
36855
36856
36857
36858
36859
36860
36861
36862
36863
36864
36865
36866
36867
36868
36870
36871
36872
36874
36875
36878
36879
36880
36881
36882
36883
36884
36885
36886
36887
36901
36902
36903
36904
36905
36909
36910
36911
36912
36914
36915
36916
36920
36922
36923
36928
36929
36930
36931
36932
36933
36934
36936
36937
36941
36942
36943
36944
36945
36948
36949
36951
36952
36953
36954
36955
36956
36957
36958
36959
36960
36963
36964
36965
36966
36967
36968
36969
36971
36972
36973
36974
36975
36976
36977
36978
36981
36982
36983
36984
36986
36987
36988
36992
36993
37040
37041
37042
37043
37044
37045
37046
37048
37050
37051
37052
37053
37054
37056
37057
37058
37059
37060
37061
37062
37064
37065
37066
37067
37068
37069
37070
37079
37096
37098
37099
37100
37101
37103
37106
37107
37112
37113
37114
37116
37117
37118
37119
37120
37123
37124
37125
37126
37127
37128
37129
37130
37131
37133
37134
37136
37137
37138
37141
37142
37144
37145
37146
37148
37149
37150
37154
37156
37159
37160
37161
37162
37163
37164
37165
37167
37168
37169
37170
37171
37173
37174
37175
37177
37178
37179
37180
37181
37182
37183
37184
37190
37191
37194
37196
37197
37198
37199
37200
37205
37212
37214
37215
37218
37219
37220
37222
37225
37226
37227
37228
37229
37232
37235
37238
37239
37240
37241
37242
37244
37245
37246
37247
37248
37250
37251
37254
37255
37256
37258
37263
37288
37304
37305
37307
37308
37309
37310
37316
37319
37320
37335
37336
37337
37338
37339
37340
37341
37342
37343
37344
37350
37351
37352
37353
37354
37355
37356
37358
37359
37360
37361
37362
37363
37364
37365
37366
37367
37368
37369
37370
37371
37373
37374
37377
37378
37379
37380
37381
37382
37383
37385
37386
37387
37388
37389
37390
37391
37393
37394
37395
37396
37397
37398
37399
37403
37405
37406
37407
37408
37409
37410
37412
37417
37420
37421
37422
37423
37424
37425
37426
37427
37428
37429
37430
37431
37432
37433
37470
37471
37472
37473
37474
37475
37476
37479
37480
37481
37482
37483
37484
37485
37486
37487
37490
37491
37492
37493
37494
37496
37500
37502
37504
37506
37510
37511
37512
37513
37514
37515
37516
37517
37518
37519
37520
37521
37522
37525
37528
37529
37530
37531
37542
37543
37544
37545
37546
37547
37548
37549
37550
37551
37552
37553
37556
37572
37573
37574
37575
37576
37577
37578
37579
37582
37583
37584
37585
37586
37588
37589
37591
37592
37594
37596
37597
37598
37599
37602
37604
37607
37614
37615
37617
37619
37627
37628
37648
37649
37650
37652
37654
37657
37662
37663
37666
37667
37668
37676
37677
37678
37686
37690
37700
37709
37711
37712
37713
37714
37717
37718
37727
37732
37734
37735
37736
37737
37738
37740
37744
37749
37750
37751
37755
37758
37759
37760
37761
37762
37764
37765
37766
37768
37769
37778
37779
37781
37782
37784
37786
37787
37788
37789
37790
37793
37794
37802
37809
37810
37811
37817
37820
37823
37833
37834
37839
37840
37843
37847
37848
37849
37852
37853
37858
37859
37860
37868
37873
37884
37885
37889
37890
37891
37892
37893
37894
37895
37896
37897
37901
37902
37903
37904
37905
37906
37907
37908
37910
37911
37912
37913
37914
37915
37916
37918
37919
37920
37921
37922
37923
37924
37925
37926
37927
37928
37929
37930
37935
37936
37937
37938
37939
37940
37941
37942
37943
37944
37946
37947
37948
37949
37950
37951
37952
37957
37958
37959
37964
37970
37971
37973
37978
37991
38009
38022
38023
38030
38031
38032
38041
38042
38043
38059
38060
38065
38069
38070
38071
38072
38073
38074
38075
38076
38077
38078
38079
38080
38081
38082
38083
38084
38085
38086
38087
38090
38093
38094
38101
38102
38105
38110
38111
38112
38118
38122
38125
38126
38127
38128
38133
38151
38152
38157
38158
38161
38162
38164
38166
38167
38173
38175
38176
38177
38181
38182
38194
38197
38200
38201
38202
38203
38204
38210
38211
38212
38213
38215
38216
38218
38219
38222
38223
38224
38225
38226
38227
38233
38236
38237
38244
38245
38247
38248
38253
38262
44250