34014
34022
34023
34024
34026
34029
34035
34036
34037
34038
34039
34040
34041
34042
34044
34045
34048
34049
34050
34051
34052
34053
34054
34055
34056
34057
34059
34061
34062
34063
34068
34069
34075
34077
34080
34081
34083
34085
34086
34087
34088
34089
34090
34096
34097
34099
34100
34101
34102
34105
34108
34109
34110
34113
34114
34115
34116
34117
34118
34119
34120
34121
34123
34124
34126
34127
34128
34129
34130
34131
34132
34133
34137
34149
34151
34152
34157
34158
34160
34161
34162
34163
34164
34166
34167
34168
34169
34170
34171
34175
34176
34178
34180
34181
34184
34186
34187
34188
34189
34195
34197
34198
34199
34231
34249
34269
34270
34273
34274
34275
34276
34278
34279
34280
34281
34283
34284
34285
34287
34288
34290
34291
34292
34295
34296
34297
34298
34301
34302
34303
34307
34308
34309
34310
34312
34313
34314
34322
34324
34325
34332
34333
34350
34353
34354
34357
34358
34359
34360
34361
34362
34363
34364
34365
34367
34368
34369
34371
34372
34375
34379
34380
34384
34385
34386
34388
34390
34392
34393
34394
34395
34396
34397
34408
34409
34410
34419
34422
34425
34427
34433
34434
34435
34436
34437
34438
34439
34440
34441
34442
34443
34445
34450
34451
34452
34454
34456
34460
34464
34466
34469
34474
34487
34489
34490
34495
34498
34501
34506
34517
34518
34519
34525
34526
34527
34529
34536
34537
34542
34543
34544
34547
34548
34549
34551
34558
34559
34578
34583
34584
34587
34588
34590
34591
34592
34601
34602
34607
34612
34613
34619
34620
34622
34623
34624
34625
34627
34628
34629
34630
34631
34635
34636
34637
34638
34669
34676
34677
34683
34765
34800
34904
34975
34976
34977
35007
35012
35016
35023
35039
35047
35048
35049
35050
35051
35052
35054
35059
35121
35125
35154
35155
35157
35177
35182
35216
35217
35220
35229
35230
35231
35232
35233
35234
35235
35236
35260
35265
35266
35274
35277
35278
35280
35281
35362
35370
35371
35395
35451
35459
35460
35461
35462
35477
35478
35480
35501
35552
35554
35555
35563
35570
35576
35577
35578
35579
35584
35585
35586
35587
35596
35641
35666
35673
35674
35683
35691
35692
35695
35699
35701
35705
35707
35708
35710
35711
35712
35714
35715
35719
35722
35723
35724
35739
35747
35751
35757
35758
35759
35760
35761
35762
35765
35766
35775
35778
35785
35799
35800
35801
35802
35803
35804
35810
35816
35817
35820
35821
35822
35826
35827
35828
35832
35833
35834
35840
35841
35842
35844
35845
35848
35851
35859
35860
35861
35866
35867
35868
35870
35874
35875
35876
35882
35898
35899
35901
35903
35904
35905
35912
35913
35914
35918
35920
35924
35928
35970
35982
36038
36099
36109
36110
36119
36130
36132
36137
36138
36145
36146
36147
36152
36154
36155
36157
36158
36159
36162
36166
36169
36170
36171
36173
36178
36183
36185
36187
36188
36190
36191
36192
36193
36204
36207
36210
36212
36213
36214
36215
36216
36218
36219
36220
36221
36224
36225
36226
36234
36240
36250
36264
36267
36278
36283
36286
36287
36288
36298
36299
36300
36302
36303
36330
36331
36332
36337
36338
36339
36342
36343
36351
36353
36354
36361
36378
36379
36384
36385
36386
36387
36388
36389
36390
36397
36398
36399
36400
36401
36402
36404
36405
36408
36409
36414
36415
36416
36417
36418
36419
36421
36423
36424
36425
36435
36438
36439
36442
36443
36444
36448
36450
36455
36456
36458
36463
36472
36488
36489
36495
36496
36497
36507
36508
36509
36510
36511
36512
36513
36514
36515
36516
36517
36518
36519
36520
36521
36525
36526
36527
36528
36530
36533
36534
36535
36537
36538
36563
36564
36565
36566
36567
36576
36583
36593
36594
36596
36597
36598
36611
36614
36615
36616
36617
36618
36620
36628
36629
36630
36631
36632
36633
36634
36635
36636
36637
36638
36639
36640
36641
36642
36643
36644
36646
36647
36648
36649
36664
36666
36672
36673
36675
36676
36677
36685
36686
36687
36688
36691
36693
36694
36695
36696
36697
36698
36699
36700
36702
36704
36707
36708
36712
36715
36716
36717
36724
36728
36729
36735
36736
36743
36744
36749
36769
36772
36773
36774
36775
36776
36777
36779
36780
36783
36788
36789
36790
36791
36792
36793
36794
36802
36803
36805
36806
36807
36808
36809
36813
36815
36817
36818
36819
36820
36821
36822
36824
36825
36826
36827
36829
36830
36832
36834
36836
36837
36839
36840
36841
36842
36843
36873
36876
36877
36888
36889
36890
36891
36892
36893
36894
36895
36896
36897
36898
36900
36906
36907
36913
36917
36918
36919
36921
36925
36926
36927
36935
36938
36939
36940
36946
36947
36950
36970
36979
36980
36985
36989
36990
36991
36994
36995
36996
36997
36998
36999
37003
37004
37005
37006
37007
37008
37010
37011
37012
37013
37014
37015
37016
37017
37018
37019
37020
37021
37022
37023
37024
37025
37026
37027
37028
37029
37030
37031
37033
37034
37035
37037
37038
37039
37055
37071
37072
37073
37074
37075
37076
37077
37078
37082
37083
37084
37085
37086
37087
37089
37090
37091
37092
37102
37104
37105
37115
37121
37122
37132
37139
37140
37151
37152
37153
37155
37157
37172
37176
37185
37186
37187
37188
37189
37192
37195
37201
37202
37203
37204
37207
37208
37209
37210
37211
37217
37221
37224
37231
37233
37236
37243
37249
37259
37260
37261
37262
37264
37270
37272
37273
37274
37277
37278
37279
37280
37282
37283
37284
37285
37286
37287
37289
37290
37292
37293
37294
37295
37296
37297
37298
37299
37300
37301
37302
37303
37311
37312
37313
37314
37315
37318
37321
37322
37323
37324
37325
37326
37327
37329
37331
37332
37333
37334
37345
37346
37347
37348
37349
37357
37372
37376
37384
37392
37400
37402
37404
37411
37413
37418
37419
37434
37435
37436
37444
37445
37446
37447
37450
37451
37452
37453
37454
37455
37456
37457
37458
37459
37460
37461
37462
37463
37464
37465
37466
37467
37498
37499
37501
37503
37505
37507
37508
37509
37523
37524
37526
37536
37537
37538
37539
37540
37541
37554
37555
37557
37558
37559
37560
37561
37562
37563
37564
37565
37566
37567
37568
37569
37570
37571
37581
37590
37600
37601
37603
37605
37606
37608
37609
37610
37611
37612
37613
37616
37618
37620
37621
37622
37623
37624
37625
37626
37629
37630
37635
37636
37637
37638
37639
37640
37641
37642
37643
37644
37645
37646
37651
37653
37715
37739
37741
37742
37743
37763
37770
37771
37772
37773
37812
37821
37825
37851
37863
37864
37865
37866
37869
37886
37888
37898
37899
37900
37909
37931
37934
37945
37956
38066
38067
38068
38088
38089
38091
38092
38120
38129
38130
38131
38149
38150
38159
38168
38174
38217
38234
38249
38250