34021
34031
34046
34060
34064
34067
34078
34091
34095
34125
34147
34150
34154
34173
34182
34183
34200
34271
34277
34282
34293
34294
34299
34300
34316
34317
34318
34321
34326
34327
34328
34329
34330
34331
34373
34411
34412
34413
34414
34415
34416
34421
34426
34428
34429
34430
34444
34455
34457
34461
34465
34467
34476
34477
34478
34479
34480
34484
34491
34492
34493
34494
34496
34550
34552
34553
34555
34556
34557
34560
34586
34604
34605
34614
34615
34626
34675
34973
34974
35156
35479
35607
35702
35703
35704
35746
35755
35763
35829
35835
35878
35879
35880
35881
35883
35884
35885
35886
35887
35890
35891
35907
36120
36121
36122
36123
36124
36125
36126
36127
36142
36205
36208
36211
36304
36306
36322
36346
36352
36403
36406
36407
36410
36411
36412
36413
36420
36433
36436
36536
36539
36544
36692
36703
36705
36706
36778
36784
36785
36786
36787
36795
36804
36816
36833
36899
36924
36961
36962
37000
37001
37002
37009
37032
37036
37080
37088
37093
37094
37095
37108
37109
37110
37111
37143
37216
37223
37265
37266
37267
37268
37269
37271
37276
37281
37291
37306
37328
37330
37401
37414
37415
37437
37438
37439
37440
37441
37442
37443
37449
37468
37478
37532
37533
37534
37535
37631
37632
37633
37634
37647
37917
37932
37933
37953
37954
37955
38119
38165
38205
38206
38207
38208
38209